D=100
eps
0.033333    5.77
0.066667    5.78
0.100000    5.85
0.133333    5.78
0.166667    5.76
0.200000    5.76
0.233333    5.77
0.266667    5.64
0.300000    5.69
0.333333    5.00
1.000000    3.00

----------------
D=500
eps
0.033333    11.06
0.066667    11.18
0.100000    10.42
0.133333     9.48
0.166667     7.98
0.200000     7.00
0.233333     7.00
0.266667     6.00
0.300000     6.00
0.333333     5.00
1.000000     3.00

----------------
D=1000
eps
0.033333    19.11
0.066667    15.26
0.100000    11.82
0.133333     9.97
0.166667     8.00
0.200000     7.00
0.233333     7.00
0.266667     6.00
0.300000     6.00
0.333333     5.00
1.000000     3.00

----------------
D=1500
eps
0.033333    25.25
0.066667    16.34
0.100000    11.96
0.133333     9.99
0.166667     8.00
0.200000     7.00
0.233333     7.00
0.266667     6.00
0.300000     6.00
0.333333     5.00
1.000000     3.00

----------------
D=2000
eps
0.033333    28.24
0.066667    16.66
0.100000    11.94
0.133333     9.99
0.166667     8.00
0.200000     7.00
0.233333     7.00
0.266667     6.00
0.300000     6.00
0.333333     5.00
1.000000     3.00
----------------